Mapa del laboratorio vacío

Wall{
    -4.0,4.9,0.0
    -4.0,4.9,2.7
    3.4,4.9,0.0
    3.4,4.9,2.7
    e=5.4
}

Wall{
    3.4,4.9,0.0
    3.4,4.9,2.7
    3.4,-4.8,0.0
    3.4,-4.8,2.7
    e=5.4
}

Wall{
    3.4,-4.8,0.0
    3.4,-4.8,2.7
    -4.0,-4.8,0.0
    -4.0,-4.8,2.7
    e=5.4
}

Wall{
    -4.0,-4.8,0.0
    -4.0,-4.8,2.7
    -4.0,4.9,0.0
    -4.0,4.9,2.7
    e=0.0
}

A1
Wall{
    -4.0,4.9,0.9
    3.4,4.9,0.9
    -4.0,4.13,0.9
    3.4,4.13,0.9
    e=0.5
}

Wall{
    -4.0,4.13,0.0
    3.4,4.13,0.0
    -4.0,4.13,0.9
    3.4,4.13,0.9
    e=0.5
}

A2
Wall{
    -3.27,4.9,0.76
    -4.0,4.9,0.76
    -4.0,-4.8,0.76
    -3.27,-4.8,0.76
    e=0.5
}

Wall{
    -3.27,-4.8,0.0
    -3.27,-4.8,0.76
    -3.27,4.9,0.0
    -3.27,4.9,0.76
    e=0.5
}

A3
Wall{
    1.5,-4.8,0.9
    -4.0,-4.8,0.9
    -4.0,-4.3,0.9
    1.5,-4.3,0.9
    e=0.5
}

Wall{
    -4.0,-4.3,0.0
    -4.0,-4.3,0.9
    1.5,-4.3,0.0
    1.5,-4.3,0.9
    e=0.5
}

Tabla
Wall{
    -0.5,-1.5,0.34
    0.5,-1.5,0.34
    -0.5,-1.5,0.64
    0.5,-1.5,0.64
    e=6.8e3
}

Techo
Wall{
    -4.0,4.9,2.7
    3.4,4.9,2.7
    3.4,-4.8,2.7
    -4.0,-4.8,2.7
    e=5.4
}

Suelo
Wall{
    -4.0,4.9,0.0
    3.4,4.9,0.0
    3.4,-4.8,0.0
    -4.0,-4.8,0.0
    e=5.4e7
}