Mapa del laboratorio vacío

Wall{
    -4.0,4.9,0.0
    -4.0,4.9,2.7
    3.4,4.9,0.0
    3.4,4.9,2.7
    e=5.4
}

Wall{
    3.4,4.9,0.0
    3.4,4.9,2.7
    3.4,-4.8,0.0
    3.4,-4.8,2.7
    e=5.4
}

Wall{
    3.4,-4.8,0.0
    3.4,-4.8,2.7
    -4.0,-4.8,0.0
    -4.0,-4.8,2.7
    e=0.0
}

Wall{
    -4.0,-4.8,0.0
    -4.0,-4.8,2.7
    -4.0,4.9,0.0
    -4.0,4.9,2.7
    e=5.4
}

A1
Wall{
    -4.0,4.9,0.9
    3.4,4.9,0.9
    -4.0,4.13,0.9
    3.4,4.13,0.9
    e=0.5
}

Wall{
    -4.0,4.13,0.0
    3.4,4.13,0.0
    -4.0,4.13,0.9
    3.4,4.13,0.9
    e=5.4
}

A2
Wall{
    -3.27,4.9,0.76
    -4.0,4.9,0.76
    -4.0,-4.8,0.76
    -3.27,-4.8,0.76
    e=0.5
}

Wall{
    -3.27,-4.8,0.0
    -3.27,-4.8,0.76
    -3.27,4.9,0.0
    -3.27,4.9,0.76
    e=0.5
}

A3
Wall{
    1.5,-4.8,0.9
    -4.0,-4.8,0.9
    -4.0,-4.3,0.9
    1.5,-4.3,0.9
    e=0.5
}

Wall{
    -4.0,-4.3,0.0
    -4.0,-4.3,0.9
    1.5,-4.3,0.0
    1.5,-4.3,0.9
    e=0.5
}

Puerta
Wall{
    3.38,3.1,0.0
    3.38,3.1,2.1
    3.38,2.5,0.0
    3.38,2.5,2.1
    e=1e7
}


Techo
Wall{
    -4.0,4.9,2.7
    3.4,4.9,2.7
    3.4,-4.8,2.7
    -4.0,-4.8,2.7
    e=5.4
}

Suelo
Wall{
    -4.0,4.9,0.0
    3.4,4.9,0.0
    3.4,-4.8,0.0
    -4.0,-4.8,0.0
    e=5.4e4
}
